157
838860800 872415231
872415232 905969663
2650800128 2684354559
2952790016 2986344447
1979711488 2013265919
469762048 503316479
1006632960 1040187391
1711276032 1744830463
1342177280 1375731711
1006632960 1040187391
1577058304 1610612735
1644167168 1677721599
1577058304 1610612735
3154116608 3187671039
2013265920 2046820351
637534208 671088639
2281701376 2315255807
2650800128 2684354559
469762048 503316479
1845493760 1879048191
3724541952 3758096383
3758096384 3791650815
838860800 872415231
33554432 67108863
268435456 301989887
2415919104 2449473535
704643072 738197503
3925868544 3959422975
4060086272 4093640703
1409286144 1442840575
1308622848 1342177279
436207616 469762047
3523215360 3556769791
4060086272 4093640703
704643072 738197503
1577058304 1610612735
3087007744 3120562175
100663296 134217727
369098752 402653183
3623878656 3657433087
570425344 603979775
2449473536 2483027967
2348810240 2382364671
2751463424 2785017855
1644167168 1677721599
2214592512 2248146943
3523215360 3556769791
1946157056 1979711487
4127195136 4160749567
2617245696 2650800127
4026531840 4060086271
1577058304 1610612735
3959422976 3992977407
1073741824 1107296255
1409286144 1442840575
3388997632 3422552063
3623878656 3657433087
1946157056 1979711487
4026531840 4060086271
2315255808 2348810239
134217728 167772159
2046820352 2080374783
3355443200 3388997631
1711276032 1744830463
1275068416 1308622847
3992977408 4026531839
2717908992 2751463423
1610612736 1644167167
2113929216 2147483647
1543503872 1577058303
167772160 201326591
100663296 134217727
2080374784 2113929215
3254779904 3288334335
1811939328 1845493759
2181038080 2214592511
3892314112 3925868543
805306368 838860799
1946157056 1979711487
1879048192 1912602623
1342177280 1375731711
2919235584 2952790015
3489660928 3523215359
2382364672 2415919103
2046820352 2080374783
2147483648 2181038079
301989888 335544319
1442840576 1476395007
2952790016 2986344447
2617245696 2650800127
1275068416 1308622847
2516582400 2550136831
738197504 771751935
134217728 167772159
33554432 67108863
4026531840 4060086271
2852126720 2885681151
1073741824 1107296255
1577058304 1610612735
1241513984 1275068415
1946157056 1979711487
2751463424 2785017855
3523215360 3556769791
1744830464 1778384895
4160749568 4194303999
4026531840 4060086271
503316480 536870911
973078528 1006632959
1040187392 1073741823
3959422976 3992977407
33554432 67108863
3254779904 3288334335
3724541952 3758096383
3422552064 3456106495
1979711488 2013265919
738197504 771751935
2650800128 2684354559
1778384896 1811939327
268435456 301989887
2046820352 2080374783
1610612736 1644167167
1845493760 1879048191
3087007744 3120562175
4093640704 4127195135
2550136832 2583691263
268435456 301989887
3422552064 3456106495
2181038080 2214592511
3791650816 3825205247
402653184 436207615
3523215360 3556769791
67108864 100663295
3456106496 3489660927
3489660928 3523215359
33554432 67108863
2986344448 3019898879
3321888768 3355443199
1442840576 1476395007
469762048 503316479
1644167168 1677721599
436207616 469762047
3456106496 3489660927
805306368 838860799
2181038080 2214592511
1409286144 1442840575
1409286144 1442840575
1979711488 2013265919
704643072 738197503
1979711488 2013265919
2147483648 2181038079
3791650816 3825205247
1744830464 1778384895
2684354560 2717908991
3053453312 3087007743
67108864 100663295
3254779904 3288334335
2113929216 2147483647